010010010000000000000000000000000000
000010010000011000100000100000000000
000011101100000000010000110110000000
000011000100000000010000110110000000
011010100000000000000000000000000000
000010010000011000100000100000100000
000011001100000000010000110110000010
000010111100000000010000110110000010
000010010000000000000000000000000000
000010010000011000100000100001000000
000001010000011000000000000000000001
000010010000000000000000000000000000
000010010000000100000100110000000000
000010010000011000001000100000000000
000010010000010000010000001010000010
000011100100000000010000000000000000
001010000000000000000000000000011100
001010001000000000000000000000011000
000100001100000100010000000010000000
000100001100000100010000000010000000
000010010000010110000101110000000000
000010010000010110000101001100000010
000010010000000100000100001000000010
000010000010000000100000000001100100
000010001010000000100000000001100000
001011001010000000000000000000010100
000010010000000000000000000000000000
000010010000011001000000000000000100
001011100010010010000001000000010100
001011101010000000000000000000010000
000010010000000101000010000000000100
000010010000011001000000000000000000
100000000000100000000000000000000000
001100001010000000000000000000010100
000010010000000000000000000000000000
000100000001000001000000000000000100
000010010000000000000000000000000000
000010010000000000000000000000000000
000010010000000000000000000000000000
000010010000000000000000000000000000
000010010000000000000000000000000000
000010010000000000000000000000000000
000010010000000000000000000000000000
000010010000000000000000000000000000
000010010000000000000000000000000000
000010010000000000000000000000000000
000010010000000000000000000000000000
000010010000000000000000000000000000
000010010000000000000000000000000000
000010010000000000000000000000000000
000010010000000000000000000000000000
000010010000000000000000000000000000
000010010000000000000000000000000000
000010010000000000000000000000000000
000010010000000000000000000000000000
000010010000000000000000000000000000
000010010000000000000000000000000000
000010010000000000000000000000000000
000010010000000000000000000000000000
000010010000000000000000000000000000
000010010000000000000000000000000000
000010010000000000000000000000000000
000010010000000000000000000000000000
000010010000000000000000000000000000
