01001001000000000000000000000000010000000000000000000
00001001000001100010000010000000010000000000000000000
00001110100000000001000011011000000000000000000000001
00001100000000000001000011011000000000000000000000001
01101010000000000000000000000000010000000000000000000
00001001000001100010000010000010010000000000000000000
00001100100000000001000011011000011000000000000000001
00001011100000000001000011011000011000000000000000001
00011010000000000000000000000000010011010000000000001
00001001000001100010000010000100010000000000000000000
00001001000000000000000000000000000000000000000000000
00001001000000000000000000000000000000000000000000000
00001001000000010010001010000110010000000000000000000
00001001000001100000100010000000010000000000000000000
00001001000001000001000000101000011000000000000000000
00001110010000000001000000000000011000000000000000000
00101000000000000000000000000001110000000000000000000
00101000100000000000000000000001100000000000000000000
00010001000010011000000000000000010100000000000000001
00010001000010011000000000000000010100000000000000001
00001001000001011000010111000000010000000000000000000
00001001000001011000010100110000011000000000000000000
00001001000000010000010000100000011000000000000000000
00001000001000000010000000000110010000000000000000000
00001000101000000010000000000110000000000000000000000
00101100101000000000000000000001010000000000000000000
00010101000000000000000000000000010000000010010100000
00001001000001100100000000000000010000000000000000000
00101110001001001000000100000001010000000000000000000
00101110101000000000000000000001000000000000000000000
00001001000000010100001000000000010000000000000000000
00001001000001100100000000000000000000000000000000000
10100000000010000000000000000000010000000000000000000
00110000101000000000000000000001010000000000000000000
01010000100000000000000000000000010000000000000000000
00010000000100000100000000000000010000000000000000000
00110010001000000000000000000001010000000000000000000
00010101000000001000000000000000010000000010010000000
00010110000000000000000000000000010000000000000010000
00010101000000000000000000000000010000000010011000000
00010010010000000000000000000000010000000000000000110
00110100100000000000000000000001110000000000000000000
00010100100000000000000000000000010010110000000000001
00010111000000000000000000000000010010110000000000001
00011000101000000100000000000000010000000000000001000
00110110100000000000000000000001110000000000000000000
00010110101000000000000000000000010000000001000000000
00011000000000000000000000000000010000000000100000001
00111000001000000000000000000001010000000000000000000
00111000100000000000000000000001110000000000000000000
00001001000000010100001000000000010000000000000000000
00011111111000000100000000000000010000000000000011010
00111010001000000000000000000001010000000000000000000
00011100000000000000000000000000010011010000000000001
00011010100000000100001000000000010000001000000000000
00010101000000000000000000000000010000000010011100000
00111100001000000000000000000001010000000000000000000
00000000000000000000000000000000000000000000000000000
00001001000000010100001000000000010000000110000000000
00000000000000000000000000000000000000000000000000000
00000000000000000000000000000000000000000000000000000
00000000000000000000000000000000000000000000000000000
00000000000000000000000000000000000000000000000000000
00000000000000000000000000000000000000000000000000000